-8.53336e+24, 4.23322, 0, ; 0, 0, -8.53336e+24, ; 0, 0, 0, ; 
0.592009, -7.93128, 0.00224003, -0.0236602, 15.4995
-8.53336e+24, 4.23322, 0, ; 0, 0, -8.53336e+24, ; 0, 0, 0, ; 
0.592009, -7.93128, 0.00224003, -0.0236602, 15.4995
-8.53336e+24, 4.23322, 0, ; 0, 0, -8.53336e+24, ; 0, 0, 0, ; 
0.592009, -7.93128, 0.00224003, -0.0236602, 15.4995
-8.53336e+24, 4.23322, 0, ; 0, 0, -8.53336e+24, ; 0, 0, 0, ; 
0.592009, -7.93128, 0.00224003, -0.0236602, 15.4995
[797.5545051321662, 0, 450.4387192855222;
 0, 797.5545051321662, 381.1671843756049;
 0, 0, 1]
1.27631, -3.33711, 0.0992372, 0.153063, 3.91694
